1 0.8293269230769231 0.34615384615384615 0.009615384615384616 0.02403846153846154
1 0.5516826923076923 0.35697115384615385 0.007211538461538462 0.021634615384615384
1 0.7824519230769231 0.41466346153846156 0.007211538461538462 0.01201923076923077
1 0.9555288461538461 0.46153846153846156 0.014423076923076924 0.052884615384615384
0 0.9182692307692307 0.4855769230769231 0.11057692307692307 0.9711538461538461
1 0.5516826923076923 0.48197115384615385 0.007211538461538462 0.019230769230769232
0 0.5324519230769231 0.4855769230769231 0.04807692307692308 0.4254807692307692
1 0.8305288461538461 0.4963942307692308 0.009615384615384616 0.021634615384615384
1 0.7824519230769231 0.5036057692307693 0.007211538461538462 0.01201923076923077
3 0.5216346153846154 0.5060096153846154 0.019230769230769232 0.009615384615384616
0 0.7764423076923077 0.5084134615384616 0.019230769230769232 0.24519230769230768
0 0.8521634615384616 0.5144230769230769 0.04326923076923077 0.4182692307692308
3 0.7668269230769231 0.5216346153846154 0.009615384615384616 0.007211538461538462
2 0.8641826923076923 0.53125 0.021634615384615384 0.026442307692307692
1 0.7824519230769231 0.5913461538461539 0.007211538461538462 0.01201923076923077
1 0.5516826923076923 0.609375 0.007211538461538462 0.019230769230769232
1 0.8329326923076923 0.6442307692307693 0.009615384615384616 0.02403846153846154
1 0.9579326923076923 0.8305288461538461 0.014423076923076924 0.052884615384615384
1 0.9567307692307693 0.078125 0.014423076923076924 0.06009615384615385