1 0.12620192307692307 0.09735576923076923 0.007211538461538462 0.036057692307692304
1 0.5877403846153846 0.18629807692307693 0.007211538461538462 0.021634615384615384
0 0.09495192307692307 0.27524038461538464 0.07211538461538461 0.5216346153846154
1 0.10817307692307693 0.2824519230769231 0.009615384615384616 0.03125
1 0.5877403846153846 0.30649038461538464 0.004807692307692308 0.014423076923076924
3 0.453125 0.31009615384615385 0.026442307692307692 0.01201923076923077
0 0.5144230769230769 0.31009615384615385 0.15625 0.3245192307692308
1 0.09375 0.48197115384615385 0.007211538461538462 0.036057692307692304
1 0.039663461538461536 0.5564903846153846 0.01201923076923077 0.019230769230769232
1 0.7127403846153846 0.7139423076923077 0.007211538461538462 0.02403846153846154
0 0.02283653846153846 0.7728365384615384 0.04567307692307692 0.4495192307692308
1 0.04326923076923077 0.8125 0.016826923076923076 0.05048076923076923
1 0.7127403846153846 0.8377403846153846 0.007211538461538462 0.016826923076923076
0 0.6322115384615384 0.8365384615384616 0.17307692307692307 0.3245192307692308
3 0.5685096153846154 0.84375 0.021634615384615384 0.01201923076923077