1 0.15504807692307693 0.07091346153846154 0.007211538461538462 0.036057692307692304
1 0.6201923076923077 0.15865384615384615 0.007211538461538462 0.021634615384615384
0 0.12379807692307693 0.25600961538461536 0.07211538461538461 0.5096153846153846
1 0.13701923076923078 0.25721153846153844 0.009615384615384616 0.03125
1 0.6189903846153846 0.2800480769230769 0.004807692307692308 0.014423076923076924
3 0.484375 0.2848557692307692 0.026442307692307692 0.01201923076923077
0 0.5456730769230769 0.2848557692307692 0.15865384615384615 0.3269230769230769
1 0.12259615384615384 0.4567307692307692 0.007211538461538462 0.036057692307692304
1 0.0673076923076923 0.5324519230769231 0.014423076923076924 0.019230769230769232
1 0.7463942307692307 0.6911057692307693 0.007211538461538462 0.02403846153846154
0 0.036057692307692304 0.7608173076923077 0.07211538461538461 0.47596153846153844
1 0.07091346153846154 0.7896634615384616 0.016826923076923076 0.05048076923076923
1 0.7451923076923077 0.8161057692307693 0.007211538461538462 0.016826923076923076
0 0.6646634615384616 0.8209134615384616 0.17307692307692307 0.34134615384615385
3 0.5997596153846154 0.8209134615384616 0.021634615384615384 0.01201923076923077