1 0.5588942307692307 0.17427884615384615 0.007211538461538462 0.040865384615384616
1 0.6033653846153846 0.18629807692307693 0.007211538461538462 0.04326923076923077
0 0.5108173076923077 0.40024038461538464 0.12740384615384615 0.7091346153846154
1 0.6069711538461539 0.4110576923076923 0.007211538461538462 0.038461538461538464
3 0.6538461538461539 0.41466346153846156 0.021634615384615384 0.021634615384615384
0 0.6322115384615384 0.41586538461538464 0.0673076923076923 0.5480769230769231
1 0.5637019230769231 0.421875 0.007211538461538462 0.04567307692307692
0 0.8810096153846154 0.43028846153846156 0.16826923076923078 0.7139423076923077
3 0.48677884615384615 0.46153846153846156 0.021634615384615384 0.02403846153846154
3 0.8305288461538461 0.47836538461538464 0.03125 0.02403846153846154
1 0.6069711538461539 0.6298076923076923 0.007211538461538462 0.04567307692307692
1 0.5661057692307693 0.65625 0.004807692307692308 0.038461538461538464