1 0.6129807692307693 0.1971153846153846 0.007211538461538462 0.040865384615384616
1 0.6586538461538461 0.21033653846153846 0.007211538461538462 0.04567307692307692
0 0.5625 0.43028846153846156 0.13221153846153846 0.7331730769230769
1 0.6622596153846154 0.4423076923076923 0.007211538461538462 0.040865384615384616
3 0.7103365384615384 0.44591346153846156 0.021634615384615384 0.021634615384615384
0 0.6887019230769231 0.44711538461538464 0.06971153846153846 0.5673076923076923
1 0.6177884615384616 0.453125 0.007211538461538462 0.04807692307692308
0 0.9278846153846154 0.46153846153846156 0.13942307692307693 0.7451923076923077
3 0.5372596153846154 0.4951923076923077 0.02403846153846154 0.02403846153846154
3 0.8942307692307693 0.5120192307692307 0.03365384615384615 0.02403846153846154
1 0.6622596153846154 0.6682692307692307 0.007211538461538462 0.04567307692307692
1 0.6201923076923077 0.6959134615384616 0.004807692307692308 0.038461538461538464