1 0.4735576923076923 0.28365384615384615 0.014423076923076924 0.026442307692307692
1 0.3557692307692308 0.3389423076923077 0.007211538461538462 0.02403846153846154
0 0.5036057692307693 0.5036057692307693 0.055288461538461536 0.5865384615384616
0 0.2776442307692308 0.5108173076923077 0.15625 0.4879807692307692
1 0.4723557692307692 0.5132211538461539 0.01201923076923077 0.026442307692307692
1 0.3545673076923077 0.5204326923076923 0.004807692307692308 0.028846153846153848
2 0.21634615384615385 0.5408653846153846 0.028846153846153848 0.03365384615384615
0 0.9350961538461539 0.578125 0.125 0.8389423076923077
2 0.8858173076923077 0.6742788461538461 0.028846153846153848 0.057692307692307696
1 0.3557692307692308 0.6983173076923077 0.004807692307692308 0.028846153846153848
1 0.47115384615384615 0.7319711538461539 0.014423076923076924 0.028846153846153848